<?xml version="1.0"?>
<opencv_storage>
<eigenV type_id="opencv-matrix">
  <rows>256</rows>
  <cols>1</cols>
  <dt>f</dt>
  <data>
    7.27767870e-002 9.19721927e-003 4.38007247e-003 1.51631411e-003
    3.05032227e-002 6.11116920e-005 7.36913178e-003 5.31011261e-002
    2.45440984e-003 5.42572001e-004 1.25657499e-001 3.23620602e-003
    7.51854107e-002 2.06468953e-003 1.22794695e-003 1.55863697e-002
    1.40777696e-003 5.91953704e-003 1.52160572e-002 9.48744416e-002
    3.39101255e-002 7.59311905e-003 5.29279932e-003 7.08650276e-002
    3.28251976e-004 3.60520120e-004 4.03896486e-003 3.21863145e-002
    1.82202249e-003 5.05486503e-003 2.73505482e-003 4.07743007e-002
    6.57896278e-004 8.47376287e-002 2.12822668e-002 1.02407159e-003
    1.31860701e-003 4.42176126e-002 1.18038314e-003 5.33540500e-004
    9.13784653e-003 1.07238755e-001 1.62423313e-001 3.42934988e-002
    1.04053179e-002 6.71846280e-003 1.38070129e-004 2.40612105e-002
    8.62935995e-005 1.82343851e-004 4.27146330e-002 1.21240756e-002
    6.72379369e-003 7.67547754e-004 2.53248140e-002 1.53600922e-004
    2.06519035e-003 1.30732805e-002 1.95797603e-003 2.60543951e-004
    5.06206527e-002 2.70195510e-002 1.85749270e-002 3.50888409e-002
    1.94497958e-001 4.40740585e-002 1.49654539e-003 7.35462294e-004
    1.59641379e-003 1.20309694e-002 3.63970990e-003 1.06601161e-003
    1.44044440e-002 1.13799144e-002 7.16742733e-003 1.53693864e-002
    1.51414447e-003 1.54943799e-003 1.53824453e-006 5.40771848e-003
    1.13364507e-003 4.44946578e-003 7.34604895e-002 6.17443072e-003
    3.83127372e-006 6.15874864e-003 2.30876859e-002 1.14049553e-003
    3.31084579e-002 3.93935107e-003 1.04702841e-002 1.36824220e-003
    1.81802001e-003 2.99457135e-003 4.01392550e-004 2.96098106e-002
    2.66747624e-001 2.59102974e-003 3.71791422e-003 6.54622307e-003
    4.13463895e-005 4.49316297e-003 3.17840241e-002 3.52949579e-003
    7.35249184e-003 1.23977370e-003 1.28663014e-004 2.53771129e-003
    8.14173618e-005 8.20063613e-003 9.63492028e-004 8.33074078e-002
    2.40379688e-003 6.15760637e-003 3.09112505e-003 2.39625107e-003
    5.19936578e-003 6.83209375e-002 4.25873644e-004 7.64560550e-002
    1.84262986e-004 5.18938573e-003 4.30282345e-003 1.01553999e-001
    3.94389313e-003 3.26452567e-003 4.72215377e-003 4.83978353e-003
    3.88471745e-002 6.20303154e-002 2.76596677e-002 3.91058484e-003
    3.06148734e-002 2.44750977e-002 1.59666147e-002 4.99197748e-003
    4.90706265e-002 1.15303416e-003 9.26515087e-002 2.50400696e-003
    3.92644480e-003 5.51096946e-002 3.06557864e-002 6.42763160e-004
    2.08470784e-002 1.52560435e-002 3.27419154e-002 2.11067535e-002
    4.15366814e-002 5.75725324e-002 4.01739553e-002 1.63653288e-002
    4.81169745e-002 4.68124077e-002 2.48411763e-002 1.59275122e-002
    1.44531012e-001 3.90497446e-002 1.52553748e-002 4.21613939e-002
    1.01255346e-003 1.47428624e-002 1.34018660e-002 4.85952431e-003
    4.05949093e-002 1.04311258e-001 2.68043596e-002 2.02975050e-002
    2.87819486e-002 1.20939054e-002 4.75728028e-002 1.22895353e-002
    1.04591232e-002 6.00389857e-003 2.79504471e-002 2.23737527e-002
    8.31096317e-004 2.58225147e-002 9.07991603e-002 3.54378298e-002
    1.45795597e-002 4.35127728e-002 4.54339851e-003 4.28323122e-003
    1.16819171e-002 1.30070234e-002 4.31510843e-002 2.16876506e-004
    3.49660739e-002 2.49902289e-002 2.28445027e-002 1.60984341e-002
    2.93478519e-002 5.13458438e-002 1.46004045e-002 3.05380300e-002
    2.22570039e-002 5.55688553e-002 4.46197623e-003 2.20522545e-002
    1.47087825e-002 3.61989588e-002 1.13617955e-003 8.50472786e-003
    8.06810632e-002 1.00935940e-002 3.05040199e-002 1.26197562e-002
    1.25781978e-002 7.97335505e-002 2.62609683e-002 3.80508304e-002
    3.09089627e-002 2.00965088e-002 8.08221772e-002 2.19379198e-002
    1.64115708e-002 1.87675450e-002 1.63976233e-002 1.27388947e-002
    6.24224022e-002 7.31991231e-002 1.53590587e-003 2.81254482e-002
    2.73226555e-002 2.55717672e-002 9.80048627e-003 5.67761734e-002
    9.86537524e-003 1.67862289e-002 4.17979583e-002 3.15301530e-002
    1.99128333e-002 1.39155844e-002 1.74671579e-002 3.56579907e-002
    4.58769873e-002 3.88958789e-002 1.81545690e-002 1.54189151e-002
    3.73008214e-002 4.49502096e-003 2.18705460e-002 1.96090028e-001
    1.71072371e-002 5.06779142e-002 2.28120573e-002 1.30007919e-002
    4.19663601e-002 6.76338794e-003 2.54731383e-002 6.64485097e-002
    1.30500030e-002 4.02667560e-002 1.29474550e-002 1.66964978e-002</data></eigenV>
</opencv_storage>
